176
0 0 0
3.4 0 0
6.8 0 0
10.2 0 0
13.6 0 0
17 0 0
20.4 0 0
23.8 0 0
27.2 0 0
30.6 0 0
34 0 0
1.7 2.94449 0
5.1 2.94449 0
8.5 2.94449 0
11.9 2.94449 0
15.3 2.94449 0
18.7 2.94449 0
22.1 2.94449 0
25.5 2.94449 0
28.9 2.94449 0
32.3 2.94449 0
35.7 2.94449 0
3.4 5.88897 0
8.88178e-16 5.88897 0
6.8 5.88897 0
10.2 5.88897 0
13.6 5.88897 0
17 5.88897 0
20.4 5.88897 0
23.8 5.88897 0
27.2 5.88897 0
30.6 5.88897 0
34 5.88897 0
5.1 8.83346 0
1.7 8.83346 0
8.5 8.83346 0
11.9 8.83346 0
15.3 8.83346 0
18.7 8.83346 0
22.1 8.83346 0
25.5 8.83346 0
28.9 8.83346 0
32.3 8.83346 0
35.7 8.83346 0
6.8 11.7779 0
3.4 11.7779 0
1.77636e-15 11.7779 0
10.2 11.7779 0
13.6 11.7779 0
17 11.7779 0
20.4 11.7779 0
23.8 11.7779 0
27.2 11.7779 0
30.6 11.7779 0
34 11.7779 0
8.5 14.7224 0
5.1 14.7224 0
1.7 14.7224 0
11.9 14.7224 0
15.3 14.7224 0
18.7 14.7224 0
22.1 14.7224 0
25.5 14.7224 0
28.9 14.7224 0
32.3 14.7224 0
35.7 14.7224 0
10.2 17.6669 0
6.8 17.6669 0
3.4 17.6669 0
2.66454e-15 17.6669 0
13.6 17.6669 0
17 17.6669 0
20.4 17.6669 0
23.8 17.6669 0
27.2 17.6669 0
30.6 17.6669 0
34 17.6669 0
11.9 20.6114 0
8.5 20.6114 0
5.1 20.6114 0
1.7 20.6114 0
15.3 20.6114 0
18.7 20.6114 0
22.1 20.6114 0
25.5 20.6114 0
28.9 20.6114 0
32.3 20.6114 0
35.7 20.6114 0
13.6 23.5559 0
10.2 23.5559 0
6.8 23.5559 0
3.4 23.5559 0
4.44089e-15 23.5559 0
17 23.5559 0
20.4 23.5559 0
23.8 23.5559 0
27.2 23.5559 0
30.6 23.5559 0
34 23.5559 0
15.3 26.5004 0
11.9 26.5004 0
8.5 26.5004 0
5.1 26.5004 0
1.7 26.5004 0
18.7 26.5004 0
22.1 26.5004 0
25.5 26.5004 0
28.9 26.5004 0
32.3 26.5004 0
35.7 26.5004 0
17 29.4449 0
13.6 29.4449 0
10.2 29.4449 0
6.8 29.4449 0
3.4 29.4449 0
6.21725e-15 29.4449 0
20.4 29.4449 0
23.8 29.4449 0
27.2 29.4449 0
30.6 29.4449 0
34 29.4449 0
18.7 32.3894 0
15.3 32.3894 0
11.9 32.3894 0
8.5 32.3894 0
5.1 32.3894 0
1.7 32.3894 0
22.1 32.3894 0
25.5 32.3894 0
28.9 32.3894 0
32.3 32.3894 0
35.7 32.3894 0
20.4 35.3338 0
17 35.3338 0
13.6 35.3338 0
10.2 35.3338 0
6.8 35.3338 0
3.4 35.3338 0
6.21725e-15 35.3338 0
23.8 35.3338 0
27.2 35.3338 0
30.6 35.3338 0
34 35.3338 0
22.1 38.2783 0
18.7 38.2783 0
15.3 38.2783 0
11.9 38.2783 0
8.5 38.2783 0
5.1 38.2783 0
1.7 38.2783 0
25.5 38.2783 0
28.9 38.2783 0
32.3 38.2783 0
35.7 38.2783 0
23.8 41.2228 0
20.4 41.2228 0
17 41.2228 0
13.6 41.2228 0
10.2 41.2228 0
6.8 41.2228 0
3.4 41.2228 0
6.21725e-15 41.2228 0
27.2 41.2228 0
30.6 41.2228 0
34 41.2228 0
25.5 44.1673 0
22.1 44.1673 0
18.7 44.1673 0
15.3 44.1673 0
11.9 44.1673 0
8.5 44.1673 0
5.1 44.1673 0
1.7 44.1673 0
28.9 44.1673 0
32.3 44.1673 0
35.7 44.1673 0
