164
17.500000000000000  22.500000000000000                   0   0.900000000000000
17.500000000000000  20.000000000000000                   0   0.900000000000000
17.500000000000000  17.500000000000000                   0   0.900000000000000
17.500000000000000  15.000000000000000                   0   0.900000000000000
17.500000000000000  12.500000000000000                   0   0.900000000000000
17.500000000000000  10.000000000000000                   0   0.900000000000000
17.500000000000000   7.500000000000000                   0   0.900000000000000
17.500000000000000   5.000000000000000                   0   0.900000000000000
17.500000000000000   2.500000000000000                   0   0.900000000000000
17.500000000000000                   0                   0   0.900000000000000
15.000000000000000  22.500000000000000                   0   0.900000000000000
15.000000000000000  20.000000000000000                   0   0.900000000000000
15.000000000000000  17.500000000000000                   0   0.900000000000000
15.000000000000000  15.000000000000000                   0   0.900000000000000
15.000000000000000  12.500000000000000                   0   0.900000000000000
15.000000000000000  10.000000000000000                   0   0.900000000000000
15.000000000000000   7.500000000000000                   0   0.900000000000000
15.000000000000000   5.000000000000000                   0   0.900000000000000
15.000000000000000   2.500000000000000                   0   0.900000000000000
15.000000000000000                   0                   0   0.900000000000000
12.500000000000000  22.500000000000000                   0   0.900000000000000
12.500000000000000  20.000000000000000                   0   0.900000000000000
12.500000000000000  17.500000000000000                   0   0.900000000000000
12.500000000000000  15.000000000000000                   0   0.900000000000000
12.500000000000000  12.500000000000000                   0   0.900000000000000
12.500000000000000  10.000000000000000                   0   0.900000000000000
12.500000000000000   7.500000000000000                   0   0.900000000000000
12.500000000000000   5.000000000000000                   0   0.900000000000000
12.500000000000000   2.500000000000000                   0   0.900000000000000
12.500000000000000                   0                   0   0.900000000000000
10.000000000000000  22.500000000000000                   0   0.900000000000000
10.000000000000000  20.000000000000000                   0   0.900000000000000
10.000000000000000  17.500000000000000                   0   0.900000000000000
10.000000000000000  15.000000000000000                   0   0.900000000000000
10.000000000000000  12.500000000000000                   0   0.900000000000000
10.000000000000000  10.000000000000000                   0   0.900000000000000
10.000000000000000   7.500000000000000                   0   0.900000000000000
10.000000000000000   5.000000000000000                   0   0.900000000000000
10.000000000000000   2.500000000000000                   0   0.900000000000000
10.000000000000000                   0                   0   0.900000000000000
7.500000000000000  22.500000000000000                   0   0.900000000000000
7.500000000000000  20.000000000000000                   0   0.900000000000000
7.500000000000000  17.500000000000000                   0   0.900000000000000
7.500000000000000  15.000000000000000                   0   0.900000000000000
7.500000000000000  12.500000000000000                   0   0.900000000000000
7.500000000000000  10.000000000000000                   0   0.900000000000000
7.500000000000000   7.500000000000000                   0   0.900000000000000
7.500000000000000   5.000000000000000                   0   0.900000000000000
7.500000000000000   2.500000000000000                   0   0.900000000000000
7.500000000000000                   0                   0   0.900000000000000
5.000000000000000  22.500000000000000                   0   0.900000000000000
5.000000000000000  20.000000000000000                   0   0.900000000000000
5.000000000000000  17.500000000000000                   0   0.900000000000000
5.000000000000000  15.000000000000000                   0   0.900000000000000
5.000000000000000  12.500000000000000                   0   0.900000000000000
5.000000000000000  10.000000000000000                   0   0.900000000000000
5.000000000000000   7.500000000000000                   0   0.900000000000000
5.000000000000000   5.000000000000000                   0   0.900000000000000
5.000000000000000   2.500000000000000                   0   0.900000000000000
5.000000000000000                   0                   0   0.900000000000000
2.500000000000000  22.500000000000000                   0   0.900000000000000
2.500000000000000  20.000000000000000                   0   0.900000000000000
2.500000000000000  17.500000000000000                   0   0.900000000000000
2.500000000000000  15.000000000000000                   0   0.900000000000000
2.500000000000000  12.500000000000000                   0   0.900000000000000
2.500000000000000  10.000000000000000                   0   0.900000000000000
2.500000000000000   7.500000000000000                   0   0.900000000000000
2.500000000000000   5.000000000000000                   0   0.900000000000000
2.500000000000000   2.500000000000000                   0   0.900000000000000
2.500000000000000  0                                    0   0.900000000000000
0                  22.500000000000000                   0   0.900000000000000
0                  20.000000000000000                   0   0.900000000000000
0                  17.500000000000000                   0   0.900000000000000
0                  15.000000000000000                   0   0.900000000000000
0                  12.500000000000000                   0   0.900000000000000
0                  10.000000000000000                   0   0.900000000000000
0                   7.500000000000000                   0   0.900000000000000
0                   5.000000000000000                   0   0.900000000000000
0                   2.500000000000000                   0   0.900000000000000
0                   0                                   0   0.900000000000000
-6.500000000000000   4.000000000000000                   0   4.000000000000000
-6.500000000000000  18.500000000000000                   0   4.000000000000000
-22.500000000000000  22.500000000000000                   0   0.900000000000000
-22.500000000000000  20.000000000000000                   0   0.900000000000000
-22.500000000000000  17.500000000000000                   0   0.900000000000000
-22.500000000000000  15.000000000000000                   0   0.900000000000000
-22.500000000000000  12.500000000000000                   0   0.900000000000000
-22.500000000000000  10.000000000000000                   0   0.900000000000000
-22.500000000000000   7.500000000000000                   0   0.900000000000000
-22.500000000000000   5.000000000000000                   0   0.900000000000000
-22.500000000000000   2.500000000000000                   0   0.900000000000000
-22.500000000000000                   0                   0   0.900000000000000
-25.000000000000000  22.500000000000000                   0   0.900000000000000
-25.000000000000000  20.000000000000000                   0   0.900000000000000
-25.000000000000000  17.500000000000000                   0   0.900000000000000
-25.000000000000000  15.000000000000000                   0   0.900000000000000
-25.000000000000000  12.500000000000000                   0   0.900000000000000
-25.000000000000000  10.000000000000000                   0   0.900000000000000
-25.000000000000000   7.500000000000000                   0   0.900000000000000
-25.000000000000000   5.000000000000000                   0   0.900000000000000
-25.000000000000000   2.500000000000000                   0   0.900000000000000
-25.000000000000000                   0                   0   0.900000000000000
-27.500000000000000  22.500000000000000                   0   0.900000000000000
-27.500000000000000  20.000000000000000                   0   0.900000000000000
-27.500000000000000  17.500000000000000                   0   0.900000000000000
-27.500000000000000  15.000000000000000                   0   0.900000000000000
-27.500000000000000  12.500000000000000                   0   0.900000000000000
-27.500000000000000  10.000000000000000                   0   0.900000000000000
-27.500000000000000   7.500000000000000                   0   0.900000000000000
-27.500000000000000   5.000000000000000                   0   0.900000000000000
-27.500000000000000   2.500000000000000                   0   0.900000000000000
-27.500000000000000                   0                   0   0.900000000000000
-30.000000000000000  22.500000000000000                   0   0.900000000000000
-30.000000000000000  20.000000000000000                   0   0.900000000000000
-30.000000000000000  17.500000000000000                   0   0.900000000000000
-30.000000000000000  15.000000000000000                   0   0.900000000000000
-30.000000000000000  12.500000000000000                   0   0.900000000000000
-30.000000000000000  10.000000000000000                   0   0.900000000000000
-30.000000000000000   7.500000000000000                   0   0.900000000000000
-30.000000000000000   5.000000000000000                   0   0.900000000000000
-30.000000000000000   2.500000000000000                   0   0.900000000000000
-30.000000000000000                   0                   0   0.900000000000000
-32.500000000000000  22.500000000000000                   0   0.900000000000000
-32.500000000000000  20.000000000000000                   0   0.900000000000000
-32.500000000000000  17.500000000000000                   0   0.900000000000000
-32.500000000000000  15.000000000000000                   0   0.900000000000000
-32.500000000000000  12.500000000000000                   0   0.900000000000000
-32.500000000000000  10.000000000000000                   0   0.900000000000000
-32.500000000000000   7.500000000000000                   0   0.900000000000000
-32.500000000000000   5.000000000000000                   0   0.900000000000000
-32.500000000000000   2.500000000000000                   0   0.900000000000000
-32.500000000000000                   0                   0   0.900000000000000
-35.000000000000000  22.500000000000000                   0   0.900000000000000
-35.000000000000000  20.000000000000000                   0   0.900000000000000
-35.000000000000000  17.500000000000000                   0   0.900000000000000
-35.000000000000000  15.000000000000000                   0   0.900000000000000
-35.000000000000000  12.500000000000000                   0   0.900000000000000
-35.000000000000000  10.000000000000000                   0   0.900000000000000
-35.000000000000000   7.500000000000000                   0   0.900000000000000
-35.000000000000000   5.000000000000000                   0   0.900000000000000
-35.000000000000000   2.500000000000000                   0   0.900000000000000
-35.000000000000000                   0                   0   0.900000000000000
-37.500000000000000  22.500000000000000                   0   0.900000000000000
-37.500000000000000  20.000000000000000                   0   0.900000000000000
-37.500000000000000  17.500000000000000                   0   0.900000000000000
-37.500000000000000  15.000000000000000                   0   0.900000000000000
-37.500000000000000  12.500000000000000                   0   0.900000000000000
-37.500000000000000  10.000000000000000                   0   0.900000000000000
-37.500000000000000   7.500000000000000                   0   0.900000000000000
-37.500000000000000   5.000000000000000                   0   0.900000000000000
-37.500000000000000   2.500000000000000                   0   0.900000000000000
-37.500000000000000                   0                   0   0.900000000000000
-40.000000000000000  22.500000000000000                   0   0.900000000000000
-40.000000000000000  20.000000000000000                   0   0.900000000000000
-40.000000000000000  17.500000000000000                   0   0.900000000000000
-40.000000000000000  15.000000000000000                   0   0.900000000000000
-40.000000000000000  12.500000000000000                   0   0.900000000000000
-40.000000000000000  10.000000000000000                   0   0.900000000000000
-40.000000000000000   7.500000000000000                   0   0.900000000000000
-40.000000000000000   5.000000000000000                   0   0.900000000000000
-40.000000000000000   2.500000000000000                   0   0.900000000000000
-40.000000000000000                   0                   0   0.900000000000000
-16.000000000000000   4.000000000000000                   0   4.000000000000000
-16.000000000000000  18.500000000000000                   0   4.000000000000000