16
11.7149   14.4852         0    0.9000
7.9814   14.0317         0    0.9000
13.0982   11.1403         0    0.9000
9.3995    9.6347         0    0.9000
14.1951    7.0913         0    0.9000
9.7545    6.6543         0    0.9000
14.8430   13.1284         0    0.9000
6.6381   11.8603         0    0.9000
12.4762    4.8277         0    0.9000
9.7843    4.1202         0    0.9000
11.8398    8.9994         0    0.9000
6.5985    8.6031         0    0.9000
10.5462   11.9491         0    0.9000
6.0431    5.5455         0    0.9000
4.2634    9.8195         0    0.9000
15.5489   10.2792         0    0.9000