19
0                   0                                   0   0.900000000000000
3.000000000000000                   0                   0   0.900000000000000
-3.000000000000000                   0                   0   0.900000000000000
6.000000000000000                   0                   0   0.900000000000000
-6.000000000000000                   0                   0   0.900000000000000
9.000000000000000                   0                   0   0.900000000000000
-9.000000000000000                   0                   0   0.900000000000000
12.000000000000000                   0                   0   0.900000000000000
-12.000000000000000                   0                   0   0.900000000000000
15.000000000000000                   0                   0   0.900000000000000
-15.000000000000000                   0                   0   0.900000000000000
18.000000000000000                   0                   0   0.900000000000000
-18.000000000000000                   0                   0   0.900000000000000
21.000000000000000                   0                   0   0.900000000000000
-21.000000000000000                   0                   0   0.900000000000000
24.000000000000000                   0                   0   0.900000000000000
-24.000000000000000                   0                   0   0.900000000000000
5.000000000000000   6.000000000000000                   0   4.000000000000000
-5.000000000000000   6.000000000000000                   0   4.000000000000000