14
0.0000000   11.500000   0.0000000    0.9000000
5.0000000   8.4000000   0.0000000    0.9000000
10.000000   11.500000   0.0000000    0.9000000
8.4000000   8.5000000   0.0000000    0.9000000
3.5000000   11.500000   0.0000000    0.9000000
6.5000000   13.500000   0.0000000    0.9000000
3.5000000   15.000000   0.0000000    0.9000000
3.5000000   18.500000   0.0000000    0.9000000
0.5000000   19.500000   0.0000000    0.9000000
-1.500000   15.000000   0.0000000    0.9000000
7.0000000   18.000000   0.0000000    0.9000000
10.000000   18.000000   0.0000000    0.9000000
11.500000   21.000000   0.0000000    0.9000000
1.0000000   3.2500000   0.0000000    4.0000000