164
17.500000000000000  22.500000000000000                   0   0.900000000000000
17.500000000000000  20.000000000000000                   0   0.900000000000000
17.500000000000000  17.500000000000000                   0   0.900000000000000
17.500000000000000  15.000000000000000                   0   0.900000000000000
17.500000000000000  12.500000000000000                   0   0.900000000000000
17.500000000000000  10.000000000000000                   0   0.900000000000000
17.500000000000000   7.500000000000000                   0   0.900000000000000
17.500000000000000   5.000000000000000                   0   0.900000000000000
17.500000000000000   2.500000000000000                   0   0.900000000000000
17.500000000000000                   0                   0   0.900000000000000
15.000000000000000  22.500000000000000                   0   0.900000000000000
15.000000000000000  20.000000000000000                   0   0.900000000000000
15.000000000000000  17.500000000000000                   0   0.900000000000000
15.000000000000000  15.000000000000000                   0   0.900000000000000
15.000000000000000  12.500000000000000                   0   0.900000000000000
15.000000000000000  10.000000000000000                   0   0.900000000000000
15.000000000000000   7.500000000000000                   0   0.900000000000000
15.000000000000000   5.000000000000000                   0   0.900000000000000
15.000000000000000   2.500000000000000                   0   0.900000000000000
15.000000000000000                   0                   0   0.900000000000000
12.500000000000000  22.500000000000000                   0   0.900000000000000
12.500000000000000  20.000000000000000                   0   0.900000000000000
12.500000000000000  17.500000000000000                   0   0.900000000000000
12.500000000000000  15.000000000000000                   0   0.900000000000000
12.500000000000000  12.500000000000000                   0   0.900000000000000
12.500000000000000  10.000000000000000                   0   0.900000000000000
12.500000000000000   7.500000000000000                   0   0.900000000000000
12.500000000000000   5.000000000000000                   0   0.900000000000000
12.500000000000000   2.500000000000000                   0   0.900000000000000
12.500000000000000                   0                   0   0.900000000000000
10.000000000000000  22.500000000000000                   0   0.900000000000000
10.000000000000000  20.000000000000000                   0   0.900000000000000
10.000000000000000  17.500000000000000                   0   0.900000000000000
10.000000000000000  15.000000000000000                   0   0.900000000000000
10.000000000000000  12.500000000000000                   0   0.900000000000000
10.000000000000000  10.000000000000000                   0   0.900000000000000
10.000000000000000   7.500000000000000                   0   0.900000000000000
10.000000000000000   5.000000000000000                   0   0.900000000000000
10.000000000000000   2.500000000000000                   0   0.900000000000000
10.000000000000000                   0                   0   0.900000000000000
7.500000000000000  22.500000000000000                   0   0.900000000000000
7.500000000000000  20.000000000000000                   0   0.900000000000000
7.500000000000000  17.500000000000000                   0   0.900000000000000
7.500000000000000  15.000000000000000                   0   0.900000000000000
7.500000000000000  12.500000000000000                   0   0.900000000000000
7.500000000000000  10.000000000000000                   0   0.900000000000000
7.500000000000000   7.500000000000000                   0   0.900000000000000
7.500000000000000   5.000000000000000                   0   0.900000000000000
7.500000000000000   2.500000000000000                   0   0.900000000000000
7.500000000000000                   0                   0   0.900000000000000
5.000000000000000  22.500000000000000                   0   0.900000000000000
5.000000000000000  20.000000000000000                   0   0.900000000000000
5.000000000000000  17.500000000000000                   0   0.900000000000000
5.000000000000000  15.000000000000000                   0   0.900000000000000
5.000000000000000  12.500000000000000                   0   0.900000000000000
5.000000000000000  10.000000000000000                   0   0.900000000000000
5.000000000000000   7.500000000000000                   0   0.900000000000000
5.000000000000000   5.000000000000000                   0   0.900000000000000
5.000000000000000   2.500000000000000                   0   0.900000000000000
5.000000000000000                   0                   0   0.900000000000000
2.500000000000000  22.500000000000000                   0   0.900000000000000
2.500000000000000  20.000000000000000                   0   0.900000000000000
2.500000000000000  17.500000000000000                   0   0.900000000000000
2.500000000000000  15.000000000000000                   0   0.900000000000000
2.500000000000000  12.500000000000000                   0   0.900000000000000
2.500000000000000  10.000000000000000                   0   0.900000000000000
2.500000000000000   7.500000000000000                   0   0.900000000000000
2.500000000000000   5.000000000000000                   0   0.900000000000000
2.500000000000000   2.500000000000000                   0   0.900000000000000
2.500000000000000                   0                   0   0.900000000000000
                  0  22.500000000000000                   0   0.900000000000000
                  0  20.000000000000000                   0   0.900000000000000
                  0  17.500000000000000                   0   0.900000000000000
                  0  15.000000000000000                   0   0.900000000000000
                  0  12.500000000000000                   0   0.900000000000000
                  0  10.000000000000000                   0   0.900000000000000
                  0   7.500000000000000                   0   0.900000000000000
                  0   5.000000000000000                   0   0.900000000000000
                  0   2.500000000000000                   0   0.900000000000000
                  0                   0                   0   0.900000000000000
-6.000000000000000   4.000000000000000                   0   4.000000000000000
-6.000000000000000  18.500000000000000                   0   4.000000000000000
-42.500000000000000  22.500000000000000                   0   0.900000000000000
-42.500000000000000  20.000000000000000                   0   0.900000000000000
-42.500000000000000  17.500000000000000                   0   0.900000000000000
-42.500000000000000  15.000000000000000                   0   0.900000000000000
-42.500000000000000  12.500000000000000                   0   0.900000000000000
-42.500000000000000  10.000000000000000                   0   0.900000000000000
-42.500000000000000   7.500000000000000                   0   0.900000000000000
-42.500000000000000   5.000000000000000                   0   0.900000000000000
-42.500000000000000   2.500000000000000                   0   0.900000000000000
-42.500000000000000                   0                   0   0.900000000000000
-45.000000000000000  22.500000000000000                   0   0.900000000000000
-45.000000000000000  20.000000000000000                   0   0.900000000000000
-45.000000000000000  17.500000000000000                   0   0.900000000000000
-45.000000000000000  15.000000000000000                   0   0.900000000000000
-45.000000000000000  12.500000000000000                   0   0.900000000000000
-45.000000000000000  10.000000000000000                   0   0.900000000000000
-45.000000000000000   7.500000000000000                   0   0.900000000000000
-45.000000000000000   5.000000000000000                   0   0.900000000000000
-45.000000000000000   2.500000000000000                   0   0.900000000000000
-45.000000000000000                   0                   0   0.900000000000000
-47.500000000000000  22.500000000000000                   0   0.900000000000000
-47.500000000000000  20.000000000000000                   0   0.900000000000000
-47.500000000000000  17.500000000000000                   0   0.900000000000000
-47.500000000000000  15.000000000000000                   0   0.900000000000000
-47.500000000000000  12.500000000000000                   0   0.900000000000000
-47.500000000000000  10.000000000000000                   0   0.900000000000000
-47.500000000000000   7.500000000000000                   0   0.900000000000000
-47.500000000000000   5.000000000000000                   0   0.900000000000000
-47.500000000000000   2.500000000000000                   0   0.900000000000000
-47.500000000000000                   0                   0   0.900000000000000
-50.000000000000000  22.500000000000000                   0   0.900000000000000
-50.000000000000000  20.000000000000000                   0   0.900000000000000
-50.000000000000000  17.500000000000000                   0   0.900000000000000
-50.000000000000000  15.000000000000000                   0   0.900000000000000
-50.000000000000000  12.500000000000000                   0   0.900000000000000
-50.000000000000000  10.000000000000000                   0   0.900000000000000
-50.000000000000000   7.500000000000000                   0   0.900000000000000
-50.000000000000000   5.000000000000000                   0   0.900000000000000
-50.000000000000000   2.500000000000000                   0   0.900000000000000
-50.000000000000000                   0                   0   0.900000000000000
-52.500000000000000  22.500000000000000                   0   0.900000000000000
-52.500000000000000  20.000000000000000                   0   0.900000000000000
-52.500000000000000  17.500000000000000                   0   0.900000000000000
-52.500000000000000  15.000000000000000                   0   0.900000000000000
-52.500000000000000  12.500000000000000                   0   0.900000000000000
-52.500000000000000  10.000000000000000                   0   0.900000000000000
-52.500000000000000   7.500000000000000                   0   0.900000000000000
-52.500000000000000   5.000000000000000                   0   0.900000000000000
-52.500000000000000   2.500000000000000                   0   0.900000000000000
-52.500000000000000                   0                   0   0.900000000000000
-55.000000000000000  22.500000000000000                   0   0.900000000000000
-55.000000000000000  20.000000000000000                   0   0.900000000000000
-55.000000000000000  17.500000000000000                   0   0.900000000000000
-55.000000000000000  15.000000000000000                   0   0.900000000000000
-55.000000000000000  12.500000000000000                   0   0.900000000000000
-55.000000000000000  10.000000000000000                   0   0.900000000000000
-55.000000000000000   7.500000000000000                   0   0.900000000000000
-55.000000000000000   5.000000000000000                   0   0.900000000000000
-55.000000000000000   2.500000000000000                   0   0.900000000000000
-55.000000000000000                   0                   0   0.900000000000000
-57.500000000000000  22.500000000000000                   0   0.900000000000000
-57.500000000000000  20.000000000000000                   0   0.900000000000000
-57.500000000000000  17.500000000000000                   0   0.900000000000000
-57.500000000000000  15.000000000000000                   0   0.900000000000000
-57.500000000000000  12.500000000000000                   0   0.900000000000000
-57.500000000000000  10.000000000000000                   0   0.900000000000000
-57.500000000000000   7.500000000000000                   0   0.900000000000000
-57.500000000000000   5.000000000000000                   0   0.900000000000000
-57.500000000000000   2.500000000000000                   0   0.900000000000000
-57.500000000000000                   0                   0   0.900000000000000
-60.000000000000000  22.500000000000000                   0   0.900000000000000
-60.000000000000000  20.000000000000000                   0   0.900000000000000
-60.000000000000000  17.500000000000000                   0   0.900000000000000
-60.000000000000000  15.000000000000000                   0   0.900000000000000
-60.000000000000000  12.500000000000000                   0   0.900000000000000
-60.000000000000000  10.000000000000000                   0   0.900000000000000
-60.000000000000000   7.500000000000000                   0   0.900000000000000
-60.000000000000000   5.000000000000000                   0   0.900000000000000
-60.000000000000000   2.500000000000000                   0   0.900000000000000
-60.000000000000000                   0                   0   0.900000000000000
-36.500000000000000   4.000000000000000                   0   4.000000000000000
-36.500000000000000  18.500000000000000                   0   4.000000000000000