16
5.75000000 0.0000000  0.000000  0.900000  
4.7500000 3.0000000  0.000000  0.900000  
4.7500000 -3.0000000  0.000000  0.900000   
8.50000000 0.0000000  0.000000  0.900000   
7.7500000 -3.000000 0.000000  0.900000
7.75000000 3.000000  0.000000  0.900000   
11.500000 0.0000000 0.000000  0.900000
10.7500000 -3.000000 0.000000  0.900000
10.75000000 3.000000  0.000000  0.900000  
0.0000000 5.7500000  0.000000  0.900000  
0.0000000 -5.7500000  0.000000  0.900000
3.0000000 5.2500000  0.000000  0.900000  
3.0000000 -5.2500000  0.000000  0.900000
-3.0000000 5.2500000  0.000000  0.900000  
-3.0000000 -5.2500000  0.000000  0.900000
0.0000000 0.0000000  0.000000  4.000000    