14
16.082609 23.434783  0.000000  0.90000  
19.433696 20.211957  0.000000  0.90000  
22.520652 24.098913  0.000000  0.90000  
21.390217 21.804130  0.000000  0.90000  
19.051087 22.664130  0.000000  0.90000  
20.213261 24.977174  0.000000  0.90000  
17.802826 25.677174  0.000000  0.90000  
17.546739 28.242391  0.000000  0.90000  
15.064130 28.964130  0.000000  0.90000  
15.233696 26.407609  0.000000  0.90000  
19.911957 27.542391  0.000000  0.90000  
22.255435 26.551087  0.000000  0.90000  
21.906304 29.168478  0.000000  0.90000  
15.826087 16.836087  0.000000  3.50000 