14
15.882609 22.834783  0.000000  0.50000  
19.033696 21.011957  0.000000  0.50000  
21.520652 23.498913  0.000000  0.50000  
20.390217 21.464130  0.000000  0.50000  
18.751087 22.764130  0.000000  0.50000  
19.203261 24.177174  0.000000  0.50000  
18.072826 25.477174  0.000000  0.50000  
17.846739 27.342391  0.000000  0.50000  
16.264130 27.964130  0.000000  0.50000  
15.133696 25.307609  0.000000  0.50000  
19.711957 27.342391  0.000000  0.50000  
22.255435 26.551087  0.000000  0.50000  
23.216304 28.868478  0.000000  0.50000  
15.826087 15.826087  0.000000  4.391304  